100
614136152 979907585
254700655 819008517
779718175 778170037
528418435 210031683
613130739 188067050
820731192 741696069
617019478 47843786
951635727 757211059
458193297 989866774
135065712 159215108
163704397 453256975
765491319 38077659
21096410 232569518
375659889 113840646
985558071 733146792
810725288 76183604
517587219 705885962
51972289 546167120
11953545 113518223
935312231 212387183
473580173 887588635
207051366 988808625
604366468 129182841
70049973 508866058
158221031 636129837
186850676 778228021
429205296 255856405
916354347 488552375
196050723 784603769
212227986 915445961
253694402 13041698
148503098 515587078
375521107 960764963
647199751 481551405
642348518 551265363
872519589 344665590
909305331 127332644
112310279 539385156
917859711 19401359
734876595 892495074
202226958 435628535
837043525 25161581
910163634 594195863
850927697 374473089
568387692 884694394
955666760 861047810
811995763 597387890
812225908 601042003
616963627 182897852
915116513 85370983
311051891 873952045
797633465 158988260
646045758 413752280
382537780 820187972
201723714 567532811
475353133 620947894
574480264 203336942
837518623 493949306
707956866 497917465
828812122 192674995
957051515 512313381
115328627 224250974
152336339 516359155
466917364 574907416
940029665 41405482
117251152 323882348
693327917 516049203
626263218 788559382
122214216 609518020
672374353 536808760
566036676 25865725
933551784 689317109
752125624 886633132
254039797 449394749
277576750 897972772
787066518 801452732
998649546 644493300
91386035 474291043
640173989 511178459
368047396 247874683
985280631 365171603
36686116 255753326
257639014 811892752
370406632 942930001
468962173 582273927
194928516 177281720
843499389 80943655
583093208 5940578
120647452 497179802
242078543 206319766
503967483 505999819
303732619 265515420
46662280 421425611
499193077 793194940
722626230 85298808
171740086 217620640
385462445 582908746
126904811 437905409
449759197 77729167
724060796 573721049
328112319 919498567
720100160 579304854
759584310 616966981
239276934 364309133
467737540 400961743
160338718 794606667
827210206 112809967
842805294 226457452
729390086 510095213
415534470 271025649
315275859 999213467
458628732 854298044
111570069 404934255
354354845 669735187
203760561 441090392
292677303 216146470
305149196 451596539
775830878 942612188
496196603 897322126
589077431 724778550
825852469 915644325
366364276 648779186
183569862 398428525
534216732 820595403
606965590 723356283
544131117 152581072
334619392 762208481
697994215 559358170
523115254 200031563
44838365 905399088
824409815 291287067
472778539 299419476
788956614 356041499
26308134 852927082
692140255 956108616
771128837 298570620
480885931 195145235
598452482 451221056
907539038 506017251
596712243 194053417
501878356 827514102
925431148 571007845
898182698 20325506
160887872 360561534
832600330 510319264
959942560 783716235
327829577 462412663
26325354 68610202
744475948 93805597
337680284 667004393
478212617 361921828
72741471 647724760
715451483 832152034
492001157 177671328
46015349 285866126
631069746 254860408
282760121 981835849
450787401 61558797
605341955 278468425
851968968 695245610
534452346 690234047
56983641 491821063
372065344 903615174
55886237 829639923
146874293 433963964
777894542 193141264
203708414 638389183
578706672 369607444
395870763 495592141
401805704 386147539
286123545 662551988
808569427 349858179
256205773 345731382
690347122 883684939
95883927 908442645
660562975 665216061
486487751 929403734
766267690 201643174
287638855 360554991
722632129 184443301
45923865 895786588
551094029 140384295
428068238 472675422
713824107 324389190
621886823 248941018
653561976 37293033
792539337 441324844
996272810 427130414
816786403 985571677
961814431 31997427
909860645 870568858
844717798 157649072
686882932 643110482
472684026 858423132
722447381 300600732
241231559 714522561
252137106 683113414
639580639 202413017
341496677 384620538
391613099 877727064
