50
709135764 984303328
45767434 414134418
362680205 215924949
877013043 704210919
890553822 650825394
214449366 772951502
867330217 99978089
999546675 690154874
873798274 360679511
667964526 509032192
802959926 560246937
428228290 469156764
631539394 344678063
167083865 343659005
219645235 53083855
974645883 941846491
512029006 704547119
98616281 660217913
234468145 73629173
534938342 268434231
784736700 298907252
769950837 901019267
449892051 45796876
908966112 868538256
2386512 381676521
303643261 911150758
4911352 940722881
954860156 189356264
436760272 530794461
415444792 911291150
216996049 625371340
831151365 853618046
494012145 690350116
934005097 791964339
441009870 13085872
890935516 623505511
610676243 811283894
874748461 224353471
801261595 65034149
384403869 531940983
357695626 983675035
223473622 25750280
67009492 947117822
103918502 654066506
136446527 818002923
540808586 145377377
594943583 532947452
93542530 211280509
127312851 853391151
975555174 118172976
784584383 960149307
561592039 486787714
602172758 700865621
500705158 436936543
272155687 494139532
683868181 440056129
89696641 842993475
167981645 400270340
351088555 534040559
211780879 56292660
144198519 109230000
803842041 353576616
474950669 299194790
233892886 68927571
972016870 779448167
535112875 249040215
173282308 367942030
322553480 907621735
822163907 125266730
823973856 480316919
295436963 426853680
460685359 610611788
801730533 298933432
136216274 169357819
981040061 578845156
549632788 277377152
764546253 260489153
395788464 186134672
555508851 252120231
399495289 209708280
546414039 940695707
498155141 528473764
66195959 158962170
207542725 657144750
123425132 924120672
20674183 652393093
792971099 181756014
277126862 852889517
60785300 490079758
96973040 959553837
692899715 835450954
102366371 337212956
328823865 47942325
460305456 43977481
395157002 310562669
167790656 411535284
702441427 141731013
513779371 58152213
259192909 84652026
38701651 844853542
