500
422204983 713187996
370681444 192986167
818218605 388577477
323893815 886053786
180647987 682590877
447244271 641715003
641196993 524937511
761942307 519383494
831117233 279961522
176646483 1314610
619822203 982344450
408909820 599691146
868352257 97535193
743982896 397015221
403136521 204610565
768455511 465128722
577963977 772034461
486999256 936325278
58790533 250018914
516140645 15645265
956972324 255083664
813798242 183722357
813928343 222837814
23667933 502483639
263087248 38564769
691769819 98891478
990478194 747533644
343876446 652942248
358934369 328383763
112940354 886735956
908460942 968072250
342128621 268276707
284714479 602691440
828419407 34764931
178651736 417596849
573691150 899333246
30232919 244795520
773395618 815386661
36734903 1974611
975049178 203841195
722564206 116603263
172230160 938093190
781066686 894007717
718380190 662798299
653342707 646997841
309275505 9261778
769146891 274000727
925287924 311317320
676448928 298714081
744542907 145443686
635657122 831864259
493884443 691554652
777555406 935733453
849414396 710226946
262604747 519105050
446276219 477783988
674146989 264739357
962015145 184172155
857482161 850255907
894858617 671240100
800779815 426351762
614892525 807366714
536947031 742482129
943428016 249165690
134656986 805958394
489632908 102966258
755837354 992645076
659089015 588440685
760415166 622528471
295700719 564841881
346049210 663364797
510798181 419165991
102715156 830533334
130047441 642738467
662687265 934686319
430102434 301669242
114561320 213024107
440943606 559740657
509114918 45852161
764390880 870360612
565961150 903983890
884186931 730943596
288832115 14581164
252504396 413713906
811327786 538691078
51787919 668694404
964940083 730232567
149727770 697554736
689227382 317825759
905709827 900980856
878060198 50134005
788640814 417100017
813370314 507720822
237600806 110913248
103170346 964718899
529017449 613983569
562937154 545557226
498874918 814605744
870506589 871912942
886159292 880145505
738158805 222023722
299875798 942167703
541929973 738917687
91643211 501680781
728096548 756870033
95270029 254335371
48389446 458875339
704054599 410758826
537413703 949158249
994169430 509102929
918094861 750341938
972993588 15278417
160075509 665820298
978222599 926170187
107134436 668242142
879965414 932586435
570832222 93970584
963141549 862041587
334536626 444902142
709474162 229299169
171745648 311092771
487271978 151263218
734017104 405673543
968408202 258107207
90877915 524261194
132500723 348597031
534927807 91380890
387819028 461543354
448226117 180278973
923023520 908193342
765486344 376017221
750810452 257373798
649374734 529277090
682802562 783808596
806390677 238820525
209635835 402564344
251716541 57128400
231836994 949030903
914614672 240863884
192640599 378966347
924647253 280986462
222935484 591465799
63898636 202568558
808190617 425649450
622294799 663342709
139573569 760840062
247554375 970573192
137872138 82185059
452318398 23221612
517367760 238664020
800481770 785818565
228201308 797717851
503521939 533926172
436770621 704730104
394777087 367782205
857600175 849661191
563134813 646386568
773036833 153996284
497758956 312235006
357471204 433031548
139164359 325706936
220673955 162920122
156857335 265069459
67580114 873885365
750676125 147215153
343923530 370541212
158711576 290776661
484311081 853333043
337659928 324889505
440746440 954335383
124810037 664518966
581572145 211230097
353788594 816439445
550998011 674101819
579308991 829106465
844730502 371165200
807272091 20368497
883446012 375205132
633040625 879813943
534305389 367811395
274454682 819447451
640697552 720767212
996720985 443414874
705549034 831674334
892429296 506316279
253766722 154782115
820318691 251234300
542038501 415464136
162663934 146072913
473657076 32613709
530293984 593870844
757042482 846136725
383243447 869173182
11114220 101520848
85151601 918857508
683239782 615963968
561498215 813840032
886086887 736976494
752008988 73704
165009707 916774078
26778527 168896049
736264435 595601837
858812598 825759905
433671404 155797513
706243701 695774141
827538275 257956532
779708661 618259836
493446045 839592231
985332206 158259208
204020449 514060714
491716720 765847787
660526217 47432759
485955879 580157215
52821704 863649723
518941194 913573897
747862395 101495277
729113224 664274389
765925396 891167260
223459625 810768998
810825977 694730207
462008713 753322065
594122373 689514687
851602003 970115796
245577586 98241110
797169857 957063192
708568720 43929408
660935914 490759297
780566778 8255129
231274678 88120479
350924349 995455787
654076962 102719744
907635446 297886029
786125052 10627603
376989323 982801414
572902600 531083682
981414845 891157534
59994743 88081737
773537782 45072463
544916880 473997931
392654577 128236811
276251115 92861797
581369440 25592633
638661834 866184735
175206535 496162111
317606679 444857737
259685535 848024444
971615395 474308783
248435023 739238599
116510481 760318329
68730836 886708792
451915594 769479145
489484587 831360682
76641571 698454227
774587090 439361919
233260826 183321790
524041311 731894436
163472642 853126387
820633920 180578985
596624490 866672393
855090180 540097939
12693307 735538099
199224340 436493513
342351645 795424008
605616687 600930259
219279575 349887176
743549949 636659353
496483096 343700860
923093816 938048063
22608793 955137062
548348112 160655686
753187129 473736668
296566226 79032501
80625444 9664454
295471432 550425267
711661419 483313973
201057836 113547904
360410571 442857240
997062404 812943293
846980043 598245368
191473125 84575248
895777452 397536873
580615500 239033338
565166859 439236935
280138385 361714689
886323592 420310135
4990541 124177160
765181866 205810205
529718748 589547400
33621348 285813481
820015458 523506386
331344549 482755178
473075086 988526014
149499089 75330236
133674948 406973080
261156671 877353659
622647018 140636501
371935590 870314939
872076862 419945665
321802596 98674405
563366157 239617882
725921455 707312384
403526726 320335059
129841987 410898560
738439394 642915751
421073983 932484811
175679856 935083797
668055836 969937539
191861999 177929625
92245734 964608430
819848613 940576345
639521654 284802349
380052812 931261912
858152454 468137932
687899146 542741600
421297374 491389062
627608898 856833252
844879808 733075898
692951653 634631096
767314453 614719739
50836059 776902333
696953777 252594284
850711295 481565449
878394430 298862111
11266050 369958220
922662281 205558586
595725509 789875852
773289036 97813214
47972726 971246660
719422176 995587825
725747577 344413464
14935766 843582689
407233335 340295162
591852579 122059155
601352006 865138866
850905655 4004791
736546086 321014641
814166829 864703283
669420512 283726954
111486117 67703218
795402242 239795525
490341886 207591042
395475149 288950181
925174603 554214920
782284517 960998688
280448532 845622385
328665655 555740307
920975752 851094918
170463685 239977100
320839037 10265645
736012158 650541189
806525049 349727082
200333738 828526296
757506530 55465277
197016144 904298760
807506307 735611339
356427197 66275075
414931362 872007728
331743947 752986423
321696396 461263056
32224925 438443834
909133584 462006286
712531476 73976443
542643148 914098257
151403164 938605879
807896121 844755892
797903333 399700846
443279309 574583323
861699328 603680216
266908463 910957688
939097663 483366817
15473524 218013387
543910333 736840082
606816151 359227060
952682509 96873537
360948739 897912228
843236930 469445930
122843238 894533105
958641718 395301211
586808089 164911378
337900399 71509904
349872838 502571183
660697433 777568020
73995128 243093086
77866387 882842092
962539927 414257044
276171740 906289819
985238392 729002553
951718942 8330321
421276395 138795009
560484024 117982205
799530060 896555947
596808860 744145109
975845465 702126519
217772971 798197512
634854767 231577252
878522806 309002300
786206057 298328411
705038158 835315990
624892111 292950730
516666765 268209517
229185569 409945691
829705867 181461681
399702230 466540197
678304185 341505598
534555785 281249673
351763870 72899705
85938128 179373091
730258679 588583751
664253211 409995154
587280281 584857961
675115014 428208180
677188566 918649888
415004316 777982881
604113014 24751685
463492503 995327058
638012306 686985874
225764625 896206756
96656437 213484767
667063462 397235073
876972018 14703744
165222809 203412098
180428908 221755595
88424199 86845675
400138395 280972587
546279324 824015946
113973322 534675672
148715239 859806991
358653880 982922661
463217282 664655005
720495971 789249390
981768841 398317365
813442662 649940238
370026407 994930963
423294582 772467389
247035791 844658089
227861732 708803929
775861600 385223422
860616479 5066587
328540459 599046379
769163120 546753126
197279975 403677363
704607471 39202118
666276227 51078310
553456000 109583422
301363058 168742759
307411456 892436536
81344887 290182896
168587541 919888000
822858053 813789029
28879466 45897646
455123855 750392848
754896135 205962872
948100966 404291628
291149494 308072775
196064911 625337871
268646285 53760984
543992927 31449226
286172623 413655707
906919016 822734136
45429122 96825348
624778040 523234676
59681873 198393168
425629415 285558151
823643038 288967910
149412486 767277262
3851624 309743561
359677802 182631864
739623491 142939384
421776121 385435171
124514628 696553606
618312679 307836523
520344841 882340506
48568386 245094448
428769396 445877870
225183286 789318594
271810520 621709277
486150867 636095060
676095460 800436749
29150618 308173613
817107353 44399527
446076543 343054927
804316120 805229605
52036244 547316982
10322952 625437487
869142170 488701102
548230169 325871332
836193880 777571998
140853374 795686227
717755723 904799665
636273651 456440523
584299783 957493780
429260068 102667586
31015940 520135989
593390412 198614622
926381322 434454910
439289376 87780852
11530881 526005543
458745132 663149197
108434452 317968687
86683656 898302129
953852096 426761020
434415380 848650490
756152282 916939258
655466737 912089875
756273645 809203552
270170416 973760357
17454715 229885592
364080597 921700282
143368746 121870491
651693225 841449681
8698607 168616659
335532403 1048602
443993041 759116988
278887295 375724294
122553657 322512532
219417102 513828221
879182566 660170385
509406872 657755745
728741685 862277760
8937347 959885965
906274297 724360138
236052926 939239676
722695661 178483801
816347178 74008366
465584152 716183222
245587525 125979947
999851917 451639647
426605210 579625767
784451580 875604530
653653045 494147893
824383105 916105517
601433859 93350187
199797178 400505368
6236857 669915526
13492664 211687492
525033595 229334045
757898176 195408658
730827146 479132208
785102236 19863
333854247 787318348
738992248 271056518
834091142 870326204
94071677 514719550
827355137 401181637
634871705 516262622
991962477 997807681
453903547 895008688
361822207 545903375
947892044 114156641
927785322 409162793
556441063 887421786
624037290 958351308
883097862 966299023
242615930 648240083
786550556 719622390
65617229 95923471
499316830 725619560
187594064 387456658
813650108 915259690
344254772 569016389
713778235 627151906
692353069 237897816
807801428 326992465
351714985 325022930
535745172 943924159
389330527 95511686
20897276 106949850
62333217 736117013
265355527 580557696
341263334 757783627
417667262 683380617
835502569 969868080
98206409 213950150
972554375 149609887
863778802 540879897
270159531 790816162
470951854 736837562
564470915 553666185
420945650 775295702
537843744 781151991
180253609 496730772
211424098 393129527
594537100 143638612
362541059 816480477
166881012 155534105
574112739 468786805
856081018 13251432
452276966 400607408
647489717 754115626
171319752 669251463
663754285 614472056
183003575 544519327
234784005 13579075
590263749 262138933
206353513 659556414
927814510 899725509
180546219 45917925
795944605 765347475
841717021 189464141
679319512 226245715
391943394 548946905
560901629 694226903
592912973 764223534
205251634 805483959
31996628 896423449
517390217 616107222
821692950 799827019
518836743 231799360
316524668 513118263
758078519 5199585
416345794 162182805
649663995 22169196
9281224 296975763
519669919 276353090
733013799 722987180
783076340 310532547
735263622 954798519
227165028 810459860
983844325 921247005
41326568 938418798
884842821 229045475
202869480 497077554
671071651 117132716
480803739 961236342
805901188 601913490
638315639 416402891
907933690 696490878
257227179 332632848
660360001 475065917
88684279 163042941
73592621 994359105
475745184 767698110
620391997 895195797
285337700 339748552
259184941 912521498
494368642 239544254
562189079 857562583
217844043 918971196
446510351 117873218
41527375 18414753
259116906 954753252
540112786 262235239
751235035 950889338
23819598 904042050
787948631 594748798
480421427 978169499
33718487 844686831
710928526 432665081
422396028 702855840
664319363 448061591
419760134 424808549
447915398 110178030
631263302 241740857
973273701 428170314
40783107 394412762
687031275 988819232
782646721 606110375
308401483 351959553
140510012 393518614
691462964 310297014
976585332 252177709
291794615 413194783
676362113 987098023
845307889 411632097
182102275 428747353
75392765 110866431
390058851 525284692
154562433 349357191
426026642 519301399
525079988 613169216
834741585 845160623
84016082 87809078
485916860 998106705
110899201 940815837
369696404 817288063
855085435 460357127
912411978 801141245
58454831 660480874
359094781 876953003
768868866 969943669
294897312 604265356
437688435 24311053
573983244 439847987
886412938 848198130
669530527 390149115
968618320 568334963
49858383 451229154
920499598 364567404
513530943 177798514
36146804 855212953
456068506 774261005
327568845 375257233
862602422 96814060
435052220 814602135
809841723 258492178
118626168 885189563
688029151 580260392
713175720 164358712
712919348 150490206
626906302 859462338
138323985 160184824
355593856 18964997
917141629 835499067
911001562 718608054
197541253 66129312
112567864 863571902
284737067 982336359
272924383 15051895
647887549 230212332
486890660 184894129
106805700 860829638
366404430 249905640
759836578 561867963
829275088 457551792
670358183 475153863
493050878 640462999
875178357 949376966
375187158 758593720
74256607 342811748
457307247 118944522
867064527 267897597
355455246 910572198
934907258 922198737
341815783 379117559
244841867 478599420
420460504 384767081
707077653 753361699
186509187 407539919
124334929 195579978
388985319 736043368
101345835 364933580
225400034 137234936
110149280 148062052
619119721 986889535
562475543 303453913
950012796 324155330
986369097 405417069
952816978 209410373
908200208 880883206
251797630 346257803
947961877 214106452
378305022 547176213
865652243 889298306
507823014 881391523
205138458 202268693
63318453 115100885
691566878 983029385
109443903 103950872
124367272 739168779
16787564 828247197
361656931 989335113
863124100 274721618
156401079 112959228
130209451 144415067
527518362 114881897
232261032 559653208
113101399 372193801
915099922 880267870
647255310 341589694
874215433 929428287
105179734 376756260
286937043 376369169
223549547 174612809
181085640 522040487
390041997 242019514
287961186 409271394
234206020 872700953
171624867 428618554
58160023 390455579
750641247 634770834
968398968 102911369
907059754 829749620
916809948 629645617
728231133 871356481
123653853 559895705
967523007 413020371
966245099 410057085
554421178 225211119
183366002 193370572
836454096 856046613
508740017 187341995
445891866 460414058
795509471 968251505
845717795 858479702
599477547 499619335
441111978 655473205
297600580 283551003
375511534 841672035
507117859 841011496
142865524 254161328
344482619 103482027
834432349 162541312
232648606 631158485
385191441 323111812
627831247 298885601
406054077 921592199
474301412 124542223
458336362 235411151
890353889 511776933
762923502 904200507
229901556 632387545
640916618 107642180
960905292 858234010
765107801 34741574
859832460 786711363
201080168 488881828
364458177 825227998
83836639 293136047
410072517 813786802
186226694 114916222
809152904 492671303
703405319 235728101
848615018 159982782
181099433 753851035
894578171 642324156
141813229 821850263
222561140 742317132
317807084 591839102
969284636 498499233
942918890 282228000
688370003 940250838
537434623 347497882
315133160 748363424
325868358 786201459
221049825 37707868
248470014 253582109
273225298 777554603
922229029 440076583
433467019 94080408
661469870 875023201
546932954 209459073
652950881 504029200
469527211 415191182
943835174 649819255
484148773 272897731
640845151 722308633
116146743 15682881
515442612 94964692
491245529 362741818
969411519 303449670
878700695 77548849
914681640 292653237
885411032 115291340
671318592 778682819
556802518 519936626
463930345 837944788
140303293 140409448
850814709 622967420
156915394 167125248
206879782 252479984
3413019 454302090
77136528 427253534
738589000 413412199
35505531 814755877
172566450 147668279
443427851 923645070
617157553 220995067
191140389 934732237
128104437 198924944
773254059 583688195
342210675 573624865
859031478 209508771
414491747 999591187
364526234 895328577
369487513 527674093
584777571 397733704
667528647 699406604
675059976 576926337
512296560 906359903
15656533 72611776
615424542 85308425
333373005 215276818
721293561 235700815
390019216 932889474
295299577 265299228
708090630 598605366
873250393 816128359
691293130 677122446
881121275 495906179
311124849 85052123
320680989 575178379
125395689 843895719
299611024 787086783
68304764 168167629
304877957 187858363
534562657 396755781
337695735 926689350
242772389 56621026
294336764 189420086
588123009 789943752
840742513 990768957
265678267 636148162
494838951 627834852
359474836 822078044
829650936 331978187
394890809 131632616
441229105 476543047
218737845 908715881
957864729 221357374
911716617 925368977
599833268 35762837
844338929 232448730
493059620 787389793
866034943 878886265
844557124 678426624
251862628 364928962
147776905 121612982
618715160 629883749
435539959 422096920
654149039 240376059
583700412 547541794
567521169 279686039
915304416 22231234
888676081 230136885
292586351 834999853
36913032 848313471
460583067 414809860
977415664 248923928
366321943 421542265
312304805 456832770
734335768 392741870
521628438 980927218
211811713 465332295
778189917 862541595
148244898 470978569
112094744 633212392
545468038 73642429
757740337 763834055
101737425 503935769
111719294 765475183
840621730 34519303
345357637 851265848
689059425 716197930
492784881 464827118
877614666 78278849
298889758 475929179
638885008 322102859
850227352 414934732
928655721 5573257
254208561 64577423
873523432 36385715
575622836 79191723
609185951 459999787
275307715 343265350
45928187 968426442
564666887 626150522
730373665 373669806
736361241 75136632
101006394 28657811
615500952 295781068
841517297 53928343
135578573 188943750
523050967 193301777
753966758 692050985
529489549 540995001
57237215 986957279
627307128 79943752
363635472 956668768
521935493 772891486
932374725 233847722
383606450 527713662
176071930 8478750
768447354 328042426
818548739 568430497
530376206 902025771
186344007 852576726
172407677 700404342
264181770 180576620
556875935 680122725
840944724 94361940
24469077 8667141
713509421 404162302
265042656 690843917
643383916 773330373
792564173 858751900
879342039 119207625
994069354 974609244
326063222 840055236
177131057 629348660
32233724 586337030
837765757 352554746
480250755 257168842
425896309 476286718
205592040 84236660
573829650 5877276
968763823 866320237
305105002 782569804
387116583 466710297
315957818 649738321
197632858 532001127
294785607 216940026
757543006 668509005
6499681 792231200
631175403 669532267
14517995 264564837
176332748 97079582
602721584 261307792
196010432 107424529
524062002 5906250
482104391 272707809
